run_date,target_date,horizon_days,point,ann_vol,lo_50,hi_50,lo_80,hi_80,lo_95,hi_95
2026-05-07,2026-05-08,1,272.46,38.75,268.64,276.34,264.82,280.33,259.5,286.07
2026-05-07,2026-05-11,2,272.48,38.71,267.09,277.97,261.73,283.66,254.34,291.91
2026-05-07,2026-05-12,3,272.49,38.66,265.91,279.23,259.4,286.24,250.46,296.46
2026-05-07,2026-05-13,4,272.5,38.62,264.92,280.3,257.45,288.44,247.24,300.35
2026-05-07,2026-05-14,5,272.52,38.58,264.06,281.25,255.75,290.38,244.44,303.82
2026-05-07,2026-05-15,6,272.53,38.53,263.28,282.1,254.23,292.15,241.94,306.98
2026-05-07,2026-05-18,7,272.54,38.49,262.58,282.89,252.84,293.78,239.68,309.92
2026-05-07,2026-05-19,8,272.56,38.45,261.92,283.63,251.56,295.31,237.59,312.68
2026-05-07,2026-05-20,9,272.57,38.42,261.31,284.32,250.36,296.75,235.65,315.28
2026-05-07,2026-05-21,10,272.58,38.38,260.73,284.98,249.23,298.12,233.83,317.76
2026-05-07,2026-05-22,11,272.6,38.34,260.18,285.6,248.17,299.43,232.11,320.14
2026-05-07,2026-05-25,12,272.61,38.31,259.66,286.2,247.16,300.68,230.49,322.43
2026-05-07,2026-05-26,13,272.62,38.27,259.17,286.78,246.2,301.89,228.95,324.63
2026-05-07,2026-05-27,14,272.64,38.24,258.69,287.34,245.28,303.05,227.48,326.77
2026-05-07,2026-05-28,15,272.65,38.21,258.24,287.87,244.39,304.18,226.07,328.84
2026-05-07,2026-05-29,16,272.66,38.18,257.8,288.39,243.54,305.27,224.71,330.85
2026-05-07,2026-06-01,17,272.68,38.14,257.37,288.9,242.72,306.33,223.41,332.81
2026-05-07,2026-06-02,18,272.69,38.11,256.96,289.39,241.93,307.36,222.15,334.73
2026-05-07,2026-06-03,19,272.71,38.08,256.56,289.87,241.16,308.37,220.94,336.6
2026-05-07,2026-06-04,20,272.72,38.06,256.17,290.33,240.42,309.36,219.77,338.43
2026-05-07,2026-06-05,21,272.73,38.03,255.8,290.79,239.7,310.32,218.63,340.22
2026-05-07,2026-06-08,22,272.75,38.0,255.43,291.23,239.0,311.26,217.53,341.98
2026-05-07,2026-06-09,23,272.76,37.97,255.08,291.67,238.31,312.18,216.46,343.7
2026-05-07,2026-06-10,24,272.77,37.95,254.73,292.1,237.65,313.09,215.42,345.4
2026-05-07,2026-06-11,25,272.79,37.92,254.39,292.51,237.0,313.98,214.4,347.07
2026-05-07,2026-06-12,26,272.8,37.9,254.06,292.93,236.36,314.85,213.41,348.71
2026-05-07,2026-06-15,27,272.81,37.88,253.73,293.33,235.74,315.71,212.45,350.33
2026-05-07,2026-06-16,28,272.83,37.85,253.41,293.73,235.14,316.55,211.51,351.92
2026-05-07,2026-06-17,29,272.84,37.83,253.1,294.12,234.55,317.39,210.59,353.5
2026-05-07,2026-06-18,30,272.85,37.81,252.8,294.5,233.96,318.2,209.69,355.05
2026-05-07,2026-06-19,31,272.87,37.79,252.5,294.88,233.4,319.01,208.81,356.58
2026-05-07,2026-06-22,32,272.88,37.77,252.2,295.25,232.84,319.81,207.95,358.09
2026-05-07,2026-06-23,33,272.89,37.75,251.92,295.62,232.29,320.59,207.1,359.59
2026-05-07,2026-06-24,34,272.91,37.73,251.63,295.98,231.75,321.37,206.27,361.06
2026-05-07,2026-06-25,35,272.92,37.71,251.35,296.34,231.23,322.13,205.46,362.52
2026-05-07,2026-06-26,36,272.93,37.69,251.08,296.69,230.71,322.89,204.67,363.97
2026-05-07,2026-06-29,37,272.95,37.67,250.81,297.04,230.2,323.64,203.89,365.4
2026-05-07,2026-06-30,38,272.96,37.65,250.55,297.38,229.7,324.38,203.12,366.82
2026-05-07,2026-07-01,39,272.97,37.63,250.29,297.72,229.2,325.11,202.37,368.22
2026-05-07,2026-07-02,40,272.99,37.62,250.03,298.06,228.72,325.83,201.62,369.61
2026-05-07,2026-07-03,41,273.0,37.6,249.77,298.39,228.24,326.54,200.9,370.98
2026-05-07,2026-07-06,42,273.01,37.59,249.52,298.72,227.77,327.25,200.18,372.35
2026-05-07,2026-07-07,43,273.03,37.57,249.28,299.04,227.3,327.95,199.48,373.7
2026-05-07,2026-07-08,44,273.04,37.55,249.04,299.36,226.85,328.64,198.78,375.04
2026-05-07,2026-07-09,45,273.05,37.54,248.8,299.68,226.39,329.33,198.1,376.37
2026-05-07,2026-07-10,46,273.07,37.53,248.56,299.99,225.95,330.01,197.42,377.69
2026-05-07,2026-07-13,47,273.08,37.51,248.33,300.31,225.51,330.69,196.76,379.0
2026-05-07,2026-07-14,48,273.1,37.5,248.09,300.62,225.08,331.36,196.11,380.3
2026-05-07,2026-07-15,49,273.11,37.49,247.87,300.92,224.65,332.02,195.46,381.6
2026-05-07,2026-07-16,50,273.12,37.47,247.64,301.22,224.23,332.68,194.83,382.88
2026-05-07,2026-07-17,51,273.14,37.46,247.42,301.53,223.81,333.33,194.2,384.15
2026-05-07,2026-07-20,52,273.15,37.45,247.2,301.82,223.4,333.98,193.58,385.41
2026-05-07,2026-07-21,53,273.16,37.44,246.98,302.12,222.99,334.62,192.97,386.67
2026-05-07,2026-07-22,54,273.18,37.42,246.77,302.41,222.59,335.26,192.37,387.92
2026-05-07,2026-07-23,55,273.19,37.41,246.55,302.7,222.19,335.89,191.78,389.16
2026-05-07,2026-07-24,56,273.2,37.4,246.34,302.99,221.8,336.52,191.19,390.39
2026-05-07,2026-07-27,57,273.22,37.39,246.14,303.28,221.41,337.14,190.61,391.62
2026-05-07,2026-07-28,58,273.23,37.38,245.93,303.56,221.03,337.76,190.04,392.84
2026-05-07,2026-07-29,59,273.24,37.37,245.73,303.84,220.65,338.37,189.47,394.05
2026-05-07,2026-07-30,60,273.26,37.36,245.52,304.12,220.27,338.98,188.92,395.25
2026-05-07,2026-07-31,61,273.27,37.35,245.32,304.4,219.9,339.59,188.36,396.45
2026-05-07,2026-08-03,62,273.28,37.34,245.13,304.68,219.53,340.19,187.82,397.64
2026-05-07,2026-08-04,63,273.3,37.33,244.93,304.95,219.17,340.79,187.28,398.83
